Initial Prototypes
2.0, 1.0, 1.0, 1.0, 4.0, 8.0, 0.67, 1.5, 5.33, 12.0, 0.0, 0.67, 0, 0, 0, 0, 3.0, 1.0, 3.0, 1.0, 1.0, False, 
2.0, 1.0, 1.0, 1.0, 4.0, 8.0, 0.67, 1.5, 5.33, 12.0, 0.0, 0.67, 0, 0, 0, 0, 3.0, 1.0, 3.0, 1.0, 1.0, False, 
3.0, 1.0, 1.0, 1.0, 1.0, 0.0, 0.0, 0.0, 0.0, 0.0, 0.0, 0.0, 1, 0, 0, 0, 1.0, 0.0, 1.0, 0.0, 1.0, False, 
4.0, 1.0, 1.0, 1.0, 3.0, 4.75, 1.0, 1.0, 4.75, 4.75, 0.0, 0.26, 0, 0, 0, 0, 2.0, 1.0, 2.0, 1.0, 1.0, False, 
1.0, 1.0, 1.0, 1.0, 4.0, 8.0, 0.67, 1.5, 5.33, 12.0, 0.0, 0.67, 0, 0, 0, 0, 3.0, 1.0, 3.0, 1.0, 1.0, False, 
56.0, 13.0, 7.0, 11.0, 226.0, 1300.6, 0.04, 25.51, 50.98, 33184.0, 0.43, 1843.56, 41, 2, 11, 0, 19.0, 35.0, 132.0, 94.0, 25.0, True, 
55.0, 5.0, 1.0, 3.0, 142.0, 765.71, 0.07, 14.25, 53.73, 10911.35, 0.26, 606.19, 43, 3, 6, 0, 14.0, 28.0, 85.0, 57.0, 9.0, True, 
69.0, 12.0, 1.0, 12.0, 231.0, 1212.27, 0.04, 27.27, 44.45, 33061.94, 0.4, 1836.77, 62, 3, 2, 0, 16.0, 22.0, 156.0, 75.0, 23.0, True, 
17.0, 1.0, 1.0, 1.0, 43.0, 182.66, 0.17, 5.82, 31.39, 1062.75, 0.06, 59.04, 11, 0, 2, 0, 8.0, 11.0, 27.0, 16.0, 1.0, True, 
134.0, 15.0, 8.0, 14.0, 303.0, 1804.12, 0.03, 30.22, 59.7, 54519.67, 0.6, 3028.87, 90, 11, 28, 3, 21.0, 41.0, 185.0, 118.0, 29.0, True, 
New Prototypes
-584.6003404116998, 14.829388879882703, 200.4924623115465, 93.6630734316694, -2753.3367644673353, -18067.241582913506, 1.4492437996432985, -224.04864888959568, -731.478574323185, -364766.30496107443, -6.34751580483023, -20265.142455826342, -262.56159831413424, 30.995704328090383, 35.4881666396482, 0.0, -114.09499108444724, -741.5809693629001, -985.4966769329915, -1767.8400875343434, 28.658777759765407, True, 
-29.221476510065322, 1.0, 1.0, 1.0, -95.99999999999456, -316.9999999999823, 0.4485234899329031, -31.88926174496462, -210.80422818790768, -634.2651006711058, 0.0, -36.01120805368928, -99.66442953019592, 0.0, 0.0, 0.0, -63.77852348992924, -32.2214765100653, -63.77852348992924, -32.2214765100653, 1.0, False, 
177.6715973830575, 21.978183693134753, 15.145546295200582, 19.815850421787566, 571.2671884773383, 3846.8173947221608, 0.02834311023954829, 33.203430848815785, 105.78598701671935, 143522.3720525586, 1.2810486365864793, 7973.464280002705, 141.48826771254204, 9.505451963552144, 18.85363379710243, 5.657718120805368, 21.49790374114584, 67.74454381011952, 350.4471370851859, 220.82005139215255, 42.956367386269505, True, 
70.22215846076627, 15.96536113260546, 9.497153911986588, 13.287463228141423, 238.03994913679827, 1377.344505124967, 0.04, 26.463197660941155, 51.26938637712909, 36810.135359167405, 0.45480513414913015, 2045.013961247081, 51.13814857493515, 3.283881575837595, 14.665371980377822, -1.130532153489183, 19.120191194306862, 35.34890918970962, 139.54191589629647, 98.49803324050178, 30.93072226521092, True, 
11.376526923617057, 0.20189083484159415, 1.0, 0.4766789584781189, 43.56384135740542, 188.07247043686536, 0.6815535782897884, -3.63114903451292, 88.81149912720367, 53.92411445365212, 0.06933394193205894, 3.0274303786580155, 1.7279922904081104, 0.0, 9.078545035699348, 0.0, -0.0424922904710823, 23.827017401597608, 21.50725013358521, 22.056591223820195, -0.5962183303168115, False, 
-44.99039796400399, -1.8753630582411804, 1.0, -1.8753630582411804, -5.842074769035482, -30.611501399864398, -0.7622450166981198, -4.283853494137582, -12.845517157596975, -78.64891546049725, -0.012375446438001855, -4.370902500757884, 5.1401833220778474, 0.0, 0.0, 0.0, -2.410711770284848, -3.2551236550726808, -2.4485693793490575, -3.393505389686425, False, 
0.5245808304804929, 0.39566342538663285, 1.0, 0.39566342538663285, 0.3352929692781713, -5.8435993922181515, 1.0352542855124525, -1.7626488721401328, 4.598565137729932, -99.60727224494016, -0.0071923603081303225, -5.526551761723089, -1.3593771368344616, 0.0, -0.006744101034016857, 0.0, 0.6583000815465779, 0.660513488827612, 0.31864031017738287, 0.016652659100788038, -0.20867314922673363, False, 
18.262122329802967, 2.757866701203115, 1.184277268747647, 2.7624607502545784, 30.501833745108655, 132.95103187869452, 0.11230950532460515, 8.6815495496121, 15.705975034542272, 1048.419719433809, 0.04531057634462487, 58.24742760292107, 11.027500235718541, 1.7844942790495706, 2.1506911929594588, 1.6901370519960506, 13.447687563469861, 7.8444262680603325, 20.70280838918287, 9.799025355925783, 4.6628277985307465, True, 
-4.215989242449321, 0.9192643801884902, 1.0, 1.0, -4.185904785254439, -25.175024495227948, 1.1760960030112195, -0.47382056653180726, -2.857911465024966, -96.83031728410981, -0.015928502701890467, -5.363637685196357, -2.8984030251996034, 0.0, -1.9273815122322038, 0.0, -0.9568333661979869, -2.718992674025853, -1.4398924605735646, -2.746012324680875, 0.8385287603769804, False, 
67.5423885039881, 11.90125554189441, 1.2269856815657858, 11.851676495793422, 229.47827975130858, 1205.1192753835787, 0.040329148193685306, 26.937493889725975, 44.88925636414466, 32530.027553520595, 0.3978627290039354, 1807.2195597953657, 61.12114310691932, 2.800383569027199, 1.6499325500590027, -0.0786497681184189, 15.931604393923358, 22.19576262630516, 154.72708641276753, 74.75119333854101, True, 
